# This file may be used to create an environment using:
# $ conda create —name <env> —file <this file>
# platform: win-64
black=24.4.2=pypi_0
bzip2=1.0.8=hcfcfb64_5
ca-certificates=2024.2.2=h56e8100_0
cfgv=3.4.0=pypi_0
click=8.1.7=pypi_0
distlib=0.3.8=pypi_0
filelock=3.14.0=pypi_0
flake8=7.0.0=pypi_0
identify=2.5.36=pypi_0
isort=5.13.2=pypi_0
jsonschema=4.21.1=pypi_0
jsonschema-specifications=2023.12.1=pypi_0
libexpat=2.5.0=h63175ca_1
libffi=3.4.2=h8ffe710_5
libsqlite=3.45.1=hcfcfb64_0
libzlib=1.2.13=hcfcfb64_5
mccabe=0.7.0=pypi_0
mypy-extensions=1.0.0=pypi_0
nodeenv=1.8.0=pypi_0
openssl=3.2.1=hcfcfb64_0
pathspec=0.12.1=pypi_0
pip=24.0=pyhd8ed1ab_0
platformdirs=4.2.1=pypi_0
pre-commit=3.7.0=pypi_0
pycodestyle=2.11.1=pypi_0
pyflakes=3.2.0=pypi_0
python=3.11.8=h2628c8c_0_cpython
pyyaml=6.0.1=pypi_0
referencing=0.33.0=pypi_0
rpds-py=0.18.0=pypi_0
setuptools=69.1.0=pyhd8ed1ab_1
tk=8.6.13=h5226925_1
tzdata=2024a=h0c530f3_0
ucrt=10.0.22621.0=h57928b3_0
vc=14.3=hcf57466_18
vc14_runtime=14.38.33130=h82b7239_18
virtualenv=20.26.1=pypi_0
vs2015_runtime=14.38.33130=hcb4865c_18
wheel=0.42.0=pyhd8ed1ab_0
xz=5.2.6=h8d14728_0
